 train  "P(C)" "P(D)" "P(T)" predicted observed
y   0.25450E+00  0.72858E+00  0.16925E-01    "D"    "D"
y   0.28626E+00  0.70213E+00  0.11602E-01    "D"    "D"
y   0.14670E+00  0.84892E+00  0.43827E-02    "D"    "D"
y   0.18835E+00  0.80435E+00  0.73050E-02    "D"    "D"
y   0.14305E+00  0.84225E+00  0.14705E-01    "D"    "D"
y   0.19432E+00  0.73790E+00  0.67782E-01    "D"    "D"
y   0.54711E+00  0.44242E+00  0.10461E-01    "C"    "C"
y   0.44290E+00  0.53348E+00  0.23621E-01    "D"    "D"
y   0.20368E+00  0.78757E+00  0.87459E-02    "D"    "D"
y   0.14195E+00  0.85392E+00  0.41324E-02    "D"    "D"
y   0.54924E+00  0.43637E+00  0.14389E-01    "C"    "C"
y   0.28756E+00  0.68779E+00  0.24651E-01    "D"    "D"
y   0.43254E+00  0.56134E+00  0.61164E-02    "D"    "D"
y   0.33502E+00  0.63464E+00  0.30348E-01    "D"    "D"
y   0.24579E+00  0.73158E+00  0.22636E-01    "D"    "D"
y   0.23146E+00  0.62583E+00  0.14271E+00    "D"    "T"
y   0.62205E+00  0.37685E+00  0.10974E-02    "C"    "D"
y   0.16032E+00  0.82709E+00  0.12592E-01    "D"    "D"
y   0.92549E+00  0.73730E-01  0.78065E-03    "C"    "C"
y   0.78451E+00  0.21536E+00  0.13535E-03    "C"    "C"
y   0.10292E+00  0.89239E+00  0.46879E-02    "D"    "D"
y   0.21318E+00  0.76732E+00  0.19500E-01    "D"    "D"
y   0.15510E+00  0.83673E+00  0.81670E-02    "D"    "D"
y   0.53600E+00  0.45404E+00  0.99593E-02    "C"    "C"
y   0.33627E+00  0.63613E+00  0.27600E-01    "D"    "D"
y   0.31050E+00  0.60981E+00  0.79689E-01    "D"    "C"
y   0.93193E+00  0.67739E-01  0.33424E-03    "C"    "C"
y   0.93253E+00  0.67384E-01  0.86957E-04    "C"    "C"
y   0.19113E+00  0.76001E+00  0.48860E-01    "D"    "D"
y   0.46735E+00  0.52703E+00  0.56274E-02    "D"    "C"
y   0.55518E+00  0.41924E+00  0.25575E-01    "C"    "C"
y   0.53720E+00  0.43175E+00  0.31043E-01    "C"    "C"
y   0.55382E+00  0.39760E+00  0.48577E-01    "C"    "C"
y   0.22821E+00  0.76278E+00  0.90067E-02    "D"    "D"
y   0.27048E+00  0.72258E+00  0.69425E-02    "D"    "D"
y   0.35635E+00  0.63245E+00  0.11206E-01    "D"    "C"
y   0.29404E+00  0.69460E+00  0.11358E-01    "D"    "D"
y   0.43460E+00  0.53280E+00  0.32596E-01    "D"    "D"
y   0.43407E+00  0.54640E+00  0.19530E-01    "D"    "C"
y   0.37811E+00  0.60853E+00  0.13360E-01    "D"    "D"
y   0.17243E+00  0.80097E+00  0.26604E-01    "D"    "D"
y   0.20967E+00  0.78222E+00  0.81078E-02    "D"    "D"
y   0.13547E+00  0.85912E+00  0.54024E-02    "D"    "D"
y   0.25523E+00  0.73396E+00  0.10815E-01    "D"    "D"
y   0.35769E+00  0.62740E+00  0.14908E-01    "D"    "D"
y   0.21224E+00  0.77590E+00  0.11862E-01    "D"    "D"
y   0.36530E+00  0.60079E+00  0.33914E-01    "D"    "D"
y   0.54603E+00  0.45339E+00  0.57210E-03    "C"    "D"
y   0.15980E+00  0.79594E+00  0.44263E-01    "D"    "D"
y   0.57641E+00  0.42319E+00  0.40119E-03    "C"    "D"
y   0.28332E+00  0.65494E+00  0.61735E-01    "D"    "D"
y   0.24313E+00  0.75023E+00  0.66382E-02    "D"    "D"
y   0.10734E+00  0.88582E+00  0.68352E-02    "D"    "D"
y   0.19633E+00  0.74923E+00  0.54436E-01    "D"    "D"
y   0.49993E+00  0.49426E+00  0.58142E-02    "C"    "C"
y   0.12004E+00  0.85569E+00  0.24268E-01    "D"    "D"
y   0.14394E+00  0.85234E+00  0.37213E-02    "D"    "D"
y   0.48402E+00  0.50076E+00  0.15229E-01    "D"    "C"
y   0.22098E+00  0.74899E+00  0.30024E-01    "D"    "D"
y   0.31387E+00  0.65745E+00  0.28677E-01    "D"    "D"
y   0.31687E+00  0.64391E+00  0.39220E-01    "D"    "C"
y   0.49971E+00  0.45506E+00  0.45234E-01    "C"    "C"
y   0.56837E+00  0.42371E+00  0.79188E-02    "C"    "C"
y   0.55503E+00  0.43465E+00  0.10320E-01    "C"    "C"
y   0.87095E+00  0.12900E+00  0.47619E-04    "C"    "C"
y   0.23668E+00  0.75300E+00  0.10318E-01    "D"    "D"
y   0.23097E+00  0.70358E+00  0.65447E-01    "D"    "D"
y   0.33523E+00  0.65368E+00  0.11094E-01    "D"    "C"
y   0.37618E+00  0.47598E+00  0.14784E+00    "D"    "T"
y   0.91182E+00  0.88022E-01  0.16199E-03    "C"    "C"
y   0.16185E+00  0.82184E+00  0.16310E-01    "D"    "D"
y   0.12203E+00  0.86504E+00  0.12927E-01    "D"    "D"
y   0.19172E+00  0.79399E+00  0.14292E-01    "D"    "D"
y   0.18658E+00  0.79622E+00  0.17199E-01    "D"    "D"
y   0.12084E+00  0.87493E+00  0.42302E-02    "D"    "D"
y   0.35844E+00  0.61189E+00  0.29666E-01    "D"    "D"
y   0.82535E+00  0.16912E+00  0.55307E-02    "C"    "C"
y   0.35254E+00  0.62672E+00  0.20740E-01    "D"    "C"
y   0.43441E+00  0.55500E+00  0.10588E-01    "D"    "D"
y   0.25790E+00  0.73028E+00  0.11818E-01    "D"    "D"
y   0.21535E+00  0.76480E+00  0.19844E-01    "D"    "D"
y   0.27647E+00  0.71098E+00  0.12552E-01    "D"    "D"
y   0.45219E+00  0.53248E+00  0.15333E-01    "D"    "C"
y   0.53246E+00  0.45274E+00  0.14805E-01    "C"    "C"
y   0.24059E+00  0.74906E+00  0.10352E-01    "D"    "D"
y   0.62259E+00  0.35241E+00  0.24999E-01    "C"    "C"
y   0.89196E+00  0.10767E+00  0.36855E-03    "C"    "C"
y   0.37857E+00  0.61718E+00  0.42453E-02    "D"    "C"
y   0.18751E+00  0.80200E+00  0.10496E-01    "D"    "D"
y   0.54660E+00  0.42674E+00  0.26661E-01    "C"    "C"
y   0.38520E+00  0.59614E+00  0.18657E-01    "D"    "D"
y   0.38050E+00  0.60705E+00  0.12442E-01    "D"    "C"
y   0.35663E+00  0.63848E+00  0.48975E-02    "D"    "D"
y   0.25179E+00  0.72321E+00  0.24998E-01    "D"    "D"
y   0.13374E+00  0.84310E+00  0.23160E-01    "D"    "D"
y   0.24245E+00  0.74797E+00  0.95852E-02    "D"    "D"
y   0.80823E+00  0.19162E+00  0.15385E-03    "C"    "C"
y   0.35377E+00  0.64429E+00  0.19364E-02    "D"    "C"
y   0.30482E+00  0.68286E+00  0.12318E-01    "D"    "D"
y   0.11431E+00  0.87248E+00  0.13213E-01    "D"    "D"
y   0.11613E+00  0.88019E+00  0.36845E-02    "D"    "D"
y   0.61295E+00  0.37232E+00  0.14727E-01    "C"    "C"
y   0.29611E+00  0.69454E+00  0.93509E-02    "D"    "D"
y   0.29000E+00  0.69275E+00  0.17246E-01    "D"    "D"
y   0.61152E+00  0.35149E+00  0.36990E-01    "C"    "C"
y   0.63207E+00  0.32965E+00  0.38288E-01    "C"    "C"
y   0.17792E+00  0.81834E+00  0.37438E-02    "D"    "D"
y   0.14351E+00  0.85005E+00  0.64378E-02    "D"    "D"
y   0.37114E+00  0.62074E+00  0.81178E-02    "D"    "C"
y   0.23795E+00  0.72958E+00  0.32471E-01    "D"    "D"
y   0.39793E+00  0.56193E+00  0.40140E-01    "D"    "D"
y   0.63502E+00  0.34089E+00  0.24090E-01    "C"    "C"
y   0.13635E+00  0.85184E+00  0.11810E-01    "D"    "D"
y   0.20970E+00  0.78099E+00  0.93063E-02    "D"    "D"
y   0.13143E+00  0.85528E+00  0.13290E-01    "D"    "D"
y   0.43851E+00  0.52837E+00  0.33115E-01    "D"    "C"
y   0.55220E+00  0.40983E+00  0.37964E-01    "C"    "C"
y   0.89397E+00  0.10532E+00  0.71243E-03    "C"    "C"
y   0.29306E+00  0.69421E+00  0.12733E-01    "D"    "C"
y   0.38428E+00  0.60355E+00  0.12164E-01    "D"    "D"
y   0.46342E+00  0.52393E+00  0.12654E-01    "D"    "D"
y   0.39145E+00  0.59382E+00  0.14737E-01    "D"    "D"
y   0.35501E+00  0.63389E+00  0.11105E-01    "D"    "C"
y   0.19064E+00  0.77487E+00  0.34481E-01    "D"    "D"
y   0.56353E+00  0.42832E+00  0.81539E-02    "C"    "C"
y   0.33099E+00  0.65352E+00  0.15495E-01    "D"    "D"
y   0.11912E+00  0.85551E+00  0.25374E-01    "D"    "D"
y   0.47312E+00  0.51940E+00  0.74799E-02    "D"    "C"
y   0.51763E+00  0.46954E+00  0.12824E-01    "C"    "C"
y   0.26064E+00  0.71573E+00  0.23638E-01    "D"    "D"
y   0.27909E+00  0.68880E+00  0.32101E-01    "D"    "D"
y   0.17457E+00  0.82117E+00  0.42603E-02    "D"    "D"
y   0.34670E+00  0.62092E+00  0.32374E-01    "D"    "C"
y   0.44876E+00  0.54128E+00  0.99666E-02    "D"    "D"
y   0.18923E+00  0.80109E+00  0.96750E-02    "D"    "D"
y   0.29891E+00  0.69734E+00  0.37452E-02    "D"    "D"
y   0.26823E+00  0.71720E+00  0.14569E-01    "D"    "D"
y   0.90472E+00  0.80920E-01  0.38132E-05    "C"    "C"
y   0.60785E+00  0.38596E+00  0.61877E-02    "C"    "C"
y   0.58735E+00  0.36573E+00  0.46923E-01    "C"    "C"
y   0.60069E+00  0.36936E+00  0.29947E-01    "C"    "C"
y   0.52681E+00  0.45654E+00  0.16653E-01    "C"    "C"
y   0.28366E+00  0.69873E+00  0.17619E-01    "D"    "D"
y   0.28307E+00  0.70742E+00  0.95173E-02    "D"    "C"
y   0.43082E+00  0.53778E+00  0.31403E-01    "D"    "C"
y   0.27776E+00  0.68473E+00  0.37504E-01    "D"    "D"
y   0.69996E+00  0.28161E+00  0.18421E-01    "C"    "C"
y   0.24674E+00  0.73660E+00  0.16655E-01    "D"    "D"
y   0.91680E-01  0.90673E+00  0.15927E-02    "D"    "D"
y   0.17070E+00  0.80867E+00  0.20631E-01    "D"    "D"
y   0.27030E+00  0.71650E+00  0.13198E-01    "D"    "D"
y   0.23198E+00  0.75301E+00  0.15011E-01    "D"    "D"
y   0.48277E+00  0.36814E+00  0.14909E+00    "C"    "T"
y   0.41847E+00  0.52240E+00  0.59127E-01    "D"    "C"
y   0.36986E+00  0.62142E+00  0.87139E-02    "D"    "D"
y   0.11292E+00  0.88475E+00  0.23244E-02    "D"    "D"
y   0.21205E+00  0.76539E+00  0.22566E-01    "D"    "D"
y   0.87133E+00  0.12833E+00  0.34087E-03    "C"    "C"
y   0.31197E+00  0.67470E+00  0.13330E-01    "D"    "D"
y   0.40527E+00  0.58957E+00  0.51609E-02    "D"    "C"
y   0.91544E+00  0.84517E-01  0.47619E-04    "C"    "C"
y   0.22560E+00  0.74547E+00  0.28931E-01    "D"    "D"
y   0.34487E+00  0.63184E+00  0.23292E-01    "D"    "D"
y   0.15994E+00  0.82840E+00  0.11659E-01    "D"    "D"
y   0.38500E+00  0.55994E+00  0.55053E-01    "D"    "D"
y   0.88383E+00  0.11580E+00  0.36526E-03    "C"    "C"
y   0.15396E+00  0.84063E+00  0.54040E-02    "D"    "D"
y   0.51249E+00  0.47148E+00  0.16032E-01    "C"    "C"
y   0.21184E+00  0.77335E+00  0.14813E-01    "D"    "D"
y   0.36532E+00  0.60917E+00  0.25513E-01    "D"    "C"
y   0.41106E+00  0.58183E+00  0.71093E-02    "D"    "C"
y   0.75487E+00  0.19845E+00  0.46673E-01    "C"    "C"
y   0.62827E+00  0.36181E+00  0.99150E-02    "C"    "C"
y   0.30961E+00  0.68026E+00  0.10138E-01    "D"    "D"
y   0.14476E+00  0.84781E+00  0.74335E-02    "D"    "D"
y   0.23954E+00  0.75254E+00  0.79201E-02    "D"    "D"
y   0.30626E+00  0.66324E+00  0.30505E-01    "D"    "D"
y   0.36492E+00  0.60513E+00  0.29949E-01    "D"    "D"
y   0.30224E+00  0.69431E+00  0.34567E-02    "D"    "D"
y   0.69787E+00  0.26624E+00  0.35891E-01    "C"    "C"
y   0.10261E+00  0.89205E+00  0.53326E-02    "D"    "D"
y   0.41734E+00  0.57117E+00  0.11490E-01    "D"    "D"
y   0.18151E+00  0.81009E+00  0.83916E-02    "D"    "D"
y   0.29093E+00  0.68651E+00  0.22566E-01    "D"    "D"
y   0.19847E+00  0.78950E+00  0.12025E-01    "D"    "D"
y   0.50334E+00  0.48689E+00  0.97634E-02    "C"    "C"
y   0.49206E+00  0.48702E+00  0.20919E-01    "C"    "C"
y   0.12611E+00  0.86880E+00  0.50882E-02    "D"    "D"
y   0.34420E+00  0.63213E+00  0.23667E-01    "D"    "D"
y   0.37009E+00  0.62548E+00  0.44349E-02    "D"    "C"
y   0.32661E+00  0.65712E+00  0.16274E-01    "D"    "D"
y   0.22245E+00  0.76615E+00  0.11407E-01    "D"    "D"
y   0.71813E+00  0.26309E+00  0.18781E-01    "C"    "C"
y   0.14567E+00  0.84463E+00  0.96999E-02    "D"    "D"
y   0.27672E+00  0.67071E+00  0.52568E-01    "D"    "D"
y   0.17740E+00  0.81862E+00  0.39794E-02    "D"    "D"
y   0.44626E+00  0.54796E+00  0.57783E-02    "D"    "C"
y   0.26515E+00  0.72702E+00  0.78351E-02    "D"    "D"
y   0.22005E+00  0.77429E+00  0.56608E-02    "D"    "D"
y   0.28757E+00  0.70009E+00  0.12337E-01    "D"    "D"
y   0.17797E+00  0.80581E+00  0.16220E-01    "D"    "D"
y   0.36542E+00  0.62526E+00  0.93230E-02    "D"    "D"
y   0.35189E+00  0.63293E+00  0.15179E-01    "D"    "C"
y   0.21930E+00  0.75747E+00  0.23223E-01    "D"    "D"
y   0.19946E+00  0.79052E+00  0.10022E-01    "D"    "D"
y   0.24211E+00  0.74147E+00  0.16418E-01    "D"    "D"
y   0.96254E+00  0.35959E-01  0.15057E-02    "C"    "C"
y   0.29281E+00  0.68474E+00  0.22450E-01    "D"    "D"
y   0.29143E+00  0.68071E+00  0.27856E-01    "D"    "C"
y   0.26687E+00  0.71780E+00  0.15333E-01    "D"    "D"
y   0.49478E+00  0.46761E+00  0.37613E-01    "C"    "C"
y   0.35056E+00  0.58767E+00  0.61766E-01    "D"    "D"
y   0.29567E+00  0.69049E+00  0.13846E-01    "D"    "D"
y   0.32537E+00  0.66035E+00  0.14279E-01    "D"    "D"
y   0.15606E+00  0.82534E+00  0.18599E-01    "D"    "D"
y   0.61263E+00  0.37141E+00  0.15957E-01    "C"    "C"
y   0.16977E+00  0.82794E+00  0.22817E-02    "D"    "D"
y   0.39814E+00  0.59158E+00  0.10275E-01    "D"    "C"
y   0.20870E+00  0.77679E+00  0.14503E-01    "D"    "D"
y   0.93721E+00  0.48494E-01  0.38132E-05    "C"    "C"
y   0.23585E+00  0.74894E+00  0.15219E-01    "D"    "D"
y   0.27177E+00  0.71222E+00  0.16016E-01    "D"    "D"
y   0.47224E+00  0.51643E+00  0.11330E-01    "D"    "C"
y   0.14397E+00  0.85052E+00  0.55036E-02    "D"    "D"
y   0.13054E+00  0.86206E+00  0.73960E-02    "D"    "D"
y   0.25930E+00  0.72748E+00  0.13225E-01    "D"    "D"
y   0.78226E+00  0.21467E+00  0.30675E-02    "C"    "C"
y   0.14908E+00  0.84219E+00  0.87313E-02    "D"    "D"
y   0.39748E+00  0.57324E+00  0.29275E-01    "D"    "C"
y   0.22327E+00  0.77385E+00  0.28832E-02    "D"    "D"
y   0.55961E+00  0.41027E+00  0.30112E-01    "C"    "C"
y   0.48778E+00  0.49925E+00  0.12964E-01    "D"    "C"
y   0.82699E+00  0.17278E+00  0.23810E-03    "C"    "C"
y   0.50934E+00  0.47687E+00  0.13787E-01    "C"    "C"
y   0.12359E+00  0.85489E+00  0.21512E-01    "D"    "D"
y   0.44131E+00  0.54691E+00  0.11776E-01    "D"    "C"
y   0.66222E+00  0.32083E+00  0.16951E-01    "C"    "C"
y   0.16965E+00  0.80680E+00  0.23548E-01    "D"    "D"
y   0.30209E+00  0.63081E+00  0.67099E-01    "D"    "D"
y   0.69416E+00  0.29972E+00  0.61143E-02    "C"    "C"
y   0.20754E+00  0.77358E+00  0.18880E-01    "D"    "D"
y   0.59000E+00  0.38966E+00  0.20338E-01    "C"    "C"
y   0.31178E+00  0.64246E+00  0.45757E-01    "D"    "D"
y   0.20130E+00  0.79043E+00  0.82720E-02    "D"    "D"
y   0.33057E+00  0.64258E+00  0.26843E-01    "D"    "C"
y   0.44691E+00  0.52502E+00  0.28068E-01    "D"    "C"
y   0.13399E+00  0.85981E+00  0.62013E-02    "D"    "D"
y   0.40445E+00  0.56570E+00  0.29851E-01    "D"    "D"
y   0.67622E+00  0.31032E+00  0.13463E-01    "C"    "C"
y   0.37943E+00  0.59864E+00  0.21933E-01    "D"    "C"
y   0.55249E+00  0.42322E+00  0.24286E-01    "C"    "C"
y   0.97978E-01  0.89777E+00  0.42542E-02    "D"    "D"
y   0.69210E+00  0.27631E+00  0.31587E-01    "C"    "C"
y   0.17532E+00  0.81183E+00  0.12852E-01    "D"    "D"
y   0.54438E+00  0.44092E+00  0.14700E-01    "C"    "C"
y   0.18062E+00  0.78599E+00  0.33391E-01    "D"    "D"
y   0.80763E+00  0.19197E+00  0.39518E-03    "C"    "C"
y   0.57417E+00  0.37788E+00  0.47950E-01    "C"    "C"
y   0.28093E+00  0.71209E+00  0.69831E-02    "D"    "D"
y   0.30475E+00  0.67395E+00  0.21299E-01    "D"    "D"
y   0.21539E+00  0.72383E+00  0.60774E-01    "D"    "D"
y   0.11254E+00  0.87849E+00  0.89664E-02    "D"    "D"
y   0.75633E+00  0.23491E+00  0.38132E-05    "C"    "C"
y   0.25738E+00  0.61739E+00  0.12523E+00    "D"    "T"
y   0.11375E+00  0.88221E+00  0.40358E-02    "D"    "D"
y   0.41618E+00  0.54679E+00  0.37034E-01    "D"    "C"
y   0.14444E+00  0.84813E+00  0.74325E-02    "D"    "D"
y   0.17333E+00  0.80131E+00  0.25360E-01    "D"    "D"
y   0.24067E+00  0.75172E+00  0.76150E-02    "D"    "D"
y   0.46049E+00  0.52396E+00  0.15552E-01    "D"    "C"
y   0.10540E+00  0.89099E+00  0.36087E-02    "D"    "D"
y   0.50520E+00  0.46382E+00  0.30977E-01    "C"    "C"
y   0.82834E+00  0.16243E+00  0.92312E-02    "C"    "C"
y   0.67274E+00  0.31960E+00  0.76523E-02    "C"    "C"
y   0.93310E+00  0.66806E-01  0.96512E-04    "C"    "C"
y   0.52975E+00  0.45700E+00  0.13253E-01    "C"    "C"
y   0.54267E+00  0.37759E+00  0.79742E-01    "C"    "C"
y   0.37840E+00  0.61512E+00  0.64800E-02    "D"    "D"
y   0.36081E+00  0.62115E+00  0.18032E-01    "D"    "D"
y   0.16021E+00  0.81159E+00  0.28199E-01    "D"    "D"
y   0.41916E+00  0.55507E+00  0.25768E-01    "D"    "C"
y   0.44493E+00  0.53168E+00  0.23381E-01    "D"    "C"
y   0.43285E+00  0.55250E+00  0.14650E-01    "D"    "C"
y   0.21426E+00  0.77271E+00  0.13023E-01    "D"    "D"
y   0.63419E+00  0.35012E+00  0.15690E-01    "C"    "C"
y   0.21560E+00  0.75286E+00  0.31534E-01    "D"    "D"
y   0.16158E+00  0.83445E+00  0.39721E-02    "D"    "D"
y   0.32706E+00  0.65579E+00  0.17149E-01    "D"    "D"
y   0.64385E+00  0.33593E+00  0.20225E-01    "C"    "C"
y   0.26810E+00  0.71740E+00  0.14499E-01    "D"    "D"
y   0.52319E+00  0.45843E+00  0.18384E-01    "C"    "D"
y   0.65640E+00  0.33353E+00  0.10073E-01    "C"    "C"
y   0.32403E+00  0.66610E+00  0.98663E-02    "D"    "C"
y   0.41272E+00  0.57336E+00  0.13930E-01    "D"    "C"
y   0.61609E+00  0.36755E+00  0.16367E-01    "C"    "C"
y   0.72898E-01  0.92614E+00  0.96588E-03    "D"    "D"
y   0.11894E+00  0.85549E+00  0.25566E-01    "D"    "D"
y   0.15370E+00  0.83967E+00  0.66325E-02    "D"    "D"
y   0.35402E+00  0.63005E+00  0.15930E-01    "D"    "D"
y   0.65256E+00  0.33927E+00  0.81695E-02    "C"    "C"
y   0.16951E+00  0.81134E+00  0.19149E-01    "D"    "D"
y   0.53230E+00  0.45719E+00  0.10500E-01    "C"    "C"
y   0.33056E+00  0.64340E+00  0.26037E-01    "D"    "D"
y   0.22146E+00  0.75665E+00  0.21887E-01    "D"    "D"
y   0.61656E+00  0.33789E+00  0.45558E-01    "C"    "C"
y   0.57320E+00  0.39098E+00  0.35820E-01    "C"    "C"
y   0.12360E+00  0.87290E+00  0.34993E-02    "D"    "D"
y   0.17160E+00  0.81949E+00  0.89077E-02    "D"    "D"
y   0.26961E+00  0.70068E+00  0.29715E-01    "D"    "D"
y   0.81318E+00  0.18130E+00  0.55228E-02    "C"    "C"
y   0.27559E+00  0.70819E+00  0.16216E-01    "D"    "D"
y   0.39796E+00  0.58575E+00  0.16288E-01    "D"    "C"
y   0.30484E+00  0.68506E+00  0.10104E-01    "D"    "D"
y   0.43521E+00  0.55877E+00  0.60278E-02    "D"    "D"
y   0.11955E+00  0.86887E+00  0.11577E-01    "D"    "D"
y   0.25409E+00  0.73001E+00  0.15899E-01    "D"    "D"
y   0.52094E+00  0.44922E+00  0.29838E-01    "C"    "C"
y   0.22182E+00  0.76213E+00  0.16051E-01    "D"    "D"
y   0.35055E+00  0.58937E+00  0.60086E-01    "D"    "D"
y   0.13318E+00  0.84936E+00  0.17456E-01    "D"    "D"
y   0.26149E+00  0.72374E+00  0.14773E-01    "D"    "D"
y   0.29606E+00  0.69416E+00  0.97799E-02    "D"    "D"
y   0.33448E+00  0.64886E+00  0.16664E-01    "D"    "D"
y   0.23955E+00  0.72124E+00  0.39212E-01    "D"    "D"
y   0.48667E+00  0.49302E+00  0.20311E-01    "D"    "C"
y   0.28038E+00  0.71333E+00  0.62912E-02    "D"    "D"
y   0.39740E+00  0.58757E+00  0.15029E-01    "D"    "C"
y   0.87795E+00  0.12199E+00  0.60606E-04    "C"    "C"
y   0.16103E+00  0.75364E+00  0.85325E-01    "D"    "D"
y   0.10983E+00  0.87719E+00  0.12982E-01    "D"    "D"
y   0.20047E+00  0.79371E+00  0.58190E-02    "D"    "D"
y   0.39316E+00  0.57795E+00  0.28890E-01    "D"    "C"
y   0.18755E+00  0.78369E+00  0.28758E-01    "D"    "D"
y   0.22653E+00  0.76780E+00  0.56719E-02    "D"    "D"
y   0.62066E+00  0.36783E+00  0.11505E-01    "C"    "C"
y   0.20923E+00  0.57728E+00  0.21349E+00    "D"    "T"
y   0.47059E+00  0.43478E+00  0.94626E-01    "C"    "T"
y   0.36683E+00  0.62673E+00  0.64396E-02    "D"    "D"
y   0.26178E+00  0.72015E+00  0.18074E-01    "D"    "D"
y   0.47789E+00  0.51085E+00  0.11262E-01    "D"    "C"
y   0.23589E+00  0.72612E+00  0.37988E-01    "D"    "D"
y   0.26175E+00  0.72133E+00  0.16919E-01    "D"    "C"
y   0.29330E+00  0.70388E+00  0.28231E-02    "D"    "C"
y   0.95917E+00  0.40275E-01  0.55728E-03    "C"    "C"
y   0.38308E+00  0.58998E+00  0.26944E-01    "D"    "C"
y   0.34841E+00  0.64749E+00  0.41051E-02    "D"    "D"
y   0.32893E+00  0.64957E+00  0.21498E-01    "D"    "D"
y   0.28195E+00  0.70950E+00  0.85421E-02    "D"    "D"
y   0.78014E+00  0.19995E+00  0.19916E-01    "C"    "C"
y   0.56559E+00  0.42852E+00  0.58929E-02    "C"    "C"
y   0.30562E+00  0.68099E+00  0.13384E-01    "D"    "D"
y   0.23336E+00  0.73921E+00  0.27431E-01    "D"    "D"
y   0.94947E+00  0.48456E-01  0.20723E-02    "C"    "C"
y   0.52295E+00  0.46560E+00  0.11450E-01    "C"    "C"
y   0.91229E+00  0.86928E-01  0.77941E-03    "C"    "C"
y   0.18883E+00  0.77983E+00  0.31333E-01    "D"    "D"
y   0.20318E+00  0.79233E+00  0.44884E-02    "D"    "D"
y   0.34237E+00  0.65233E+00  0.53019E-02    "D"    "D"
y   0.89364E+00  0.10630E+00  0.68966E-04    "C"    "C"
y   0.14924E+00  0.84406E+00  0.67002E-02    "D"    "D"
y   0.46074E+00  0.53370E+00  0.55620E-02    "D"    "C"
y   0.68663E+00  0.30012E+00  0.13254E-01    "C"    "D"
y   0.30951E+00  0.65449E+00  0.35993E-01    "D"    "D"
y   0.30015E+00  0.66374E+00  0.36107E-01    "D"    "D"
y   0.72069E+00  0.27922E+00  0.93023E-04    "C"    "C"
y   0.48829E+00  0.50750E+00  0.42133E-02    "D"    "C"
y   0.49449E+00  0.48714E+00  0.18370E-01    "C"    "C"
y   0.29130E+00  0.69198E+00  0.16720E-01    "D"    "D"
y   0.59806E+00  0.37983E+00  0.22107E-01    "C"    "C"
y   0.63244E+00  0.35865E+00  0.89059E-02    "C"    "C"
y   0.52332E+00  0.46123E+00  0.15456E-01    "C"    "D"
y   0.59961E+00  0.35738E+00  0.43008E-01    "C"    "C"
y   0.14676E+00  0.84998E+00  0.32585E-02    "D"    "D"
y   0.65462E+00  0.34134E+00  0.40427E-02    "C"    "C"
y   0.90169E+00  0.94476E-01  0.38132E-05    "C"    "C"
y   0.74773E+00  0.24638E+00  0.58834E-02    "C"    "C"
y   0.43322E+00  0.55964E+00  0.71440E-02    "D"    "D"
y   0.32912E+00  0.65235E+00  0.18524E-01    "D"    "D"
y   0.25269E+00  0.73928E+00  0.80206E-02    "D"    "D"
y   0.21135E+00  0.77935E+00  0.93009E-02    "D"    "D"
y   0.15063E+00  0.84626E+00  0.31174E-02    "D"    "D"
y   0.24676E+00  0.74391E+00  0.93287E-02    "D"    "C"
y   0.38076E+00  0.61698E+00  0.22661E-02    "D"    "D"
y   0.88163E+00  0.11808E+00  0.28571E-03    "C"    "C"
y   0.39381E+00  0.60025E+00  0.59414E-02    "D"    "D"
y   0.15266E+00  0.84606E+00  0.12800E-02    "D"    "D"
y   0.44726E+00  0.54228E+00  0.10460E-01    "D"    "C"
y   0.22826E+00  0.73858E+00  0.33167E-01    "D"    "D"
y   0.55803E+00  0.43388E+00  0.80967E-02    "C"    "C"
y   0.56856E+00  0.42759E+00  0.38504E-02    "C"    "C"
y   0.33263E+00  0.66255E+00  0.48187E-02    "D"    "C"
y   0.65388E+00  0.34192E+00  0.42061E-02    "C"    "C"
y   0.35965E+00  0.57827E+00  0.62089E-01    "D"    "D"
y   0.37022E+00  0.62658E+00  0.32047E-02    "D"    "C"
y   0.20931E+00  0.78841E+00  0.22850E-02    "D"    "D"
y   0.42652E+00  0.55630E+00  0.17180E-01    "D"    "C"
y   0.44210E+00  0.55162E+00  0.62801E-02    "D"    "D"
y   0.90965E+00  0.89724E-01  0.62152E-03    "C"    "C"
y   0.93219E+00  0.67514E-01  0.30000E-03    "C"    "C"
y   0.94925E+00  0.50643E-01  0.11111E-03    "C"    "C"
y   0.29428E+00  0.69390E+00  0.11814E-01    "D"    "D"
y   0.40389E+00  0.58483E+00  0.11286E-01    "D"    "D"
y   0.35000E+00  0.64037E+00  0.96317E-02    "D"    "D"
y   0.18603E+00  0.80032E+00  0.13649E-01    "D"    "D"
y   0.79559E+00  0.19425E+00  0.10161E-01    "C"    "C"
y   0.39559E+00  0.59488E+00  0.95320E-02    "D"    "C"
y   0.50226E+00  0.48151E+00  0.16232E-01    "C"    "C"
y   0.53910E+00  0.45305E+00  0.78556E-02    "C"    "C"
y   0.32056E+00  0.66623E+00  0.13211E-01    "D"    "D"
y   0.35008E+00  0.64199E+00  0.79378E-02    "D"    "D"
y   0.36302E+00  0.60191E+00  0.35072E-01    "D"    "D"
y   0.19536E+00  0.78836E+00  0.16280E-01    "D"    "D"
y   0.18941E+00  0.80452E+00  0.60696E-02    "D"    "D"
y   0.42366E+00  0.56698E+00  0.93620E-02    "D"    "C"
y   0.43103E+00  0.55603E+00  0.12932E-01    "D"    "D"
y   0.47035E+00  0.52573E+00  0.39131E-02    "D"    "C"
y   0.27462E+00  0.70881E+00  0.16568E-01    "D"    "D"
y   0.81104E+00  0.18311E+00  0.58500E-02    "C"    "C"
y   0.25475E+00  0.73188E+00  0.13371E-01    "D"    "D"
y   0.59225E+00  0.39350E+00  0.14247E-01    "C"    "C"
y   0.60790E+00  0.37633E+00  0.15771E-01    "C"    "C"
y   0.70349E+00  0.29521E+00  0.12981E-02    "C"    "D"
y   0.42579E+00  0.56914E+00  0.50697E-02    "D"    "C"
y   0.39539E+00  0.59324E+00  0.11374E-01    "D"    "C"
y   0.14765E+00  0.85088E+00  0.14763E-02    "D"    "D"
y   0.37945E+00  0.60461E+00  0.15946E-01    "D"    "C"
y   0.32072E+00  0.66954E+00  0.97406E-02    "D"    "C"
y   0.44781E+00  0.54422E+00  0.79794E-02    "D"    "C"
y   0.25436E+00  0.74001E+00  0.56227E-02    "D"    "D"
y   0.60133E+00  0.39351E+00  0.51636E-02    "C"    "C"
y   0.20456E+00  0.78839E+00  0.70529E-02    "D"    "D"
y   0.25387E+00  0.73098E+00  0.15146E-01    "D"    "D"
y   0.42375E+00  0.56164E+00  0.14614E-01    "D"    "C"
y   0.95889E+00  0.26708E-01  0.38132E-05    "C"    "C"
y   0.41311E+00  0.58145E+00  0.54390E-02    "D"    "C"
y   0.34124E+00  0.64995E+00  0.88098E-02    "D"    "D"
y   0.11552E+00  0.88147E+00  0.30064E-02    "D"    "D"
y   0.94414E+00  0.54900E-01  0.96392E-03    "C"    "C"
y   0.27795E+00  0.71034E+00  0.11711E-01    "D"    "D"
y   0.89145E+00  0.10849E+00  0.60606E-04    "C"    "C"
y   0.48398E+00  0.50300E+00  0.13018E-01    "D"    "D"
y   0.51096E+00  0.48407E+00  0.49683E-02    "C"    "D"
y   0.14041E+00  0.85727E+00  0.23239E-02    "D"    "D"
y   0.66456E+00  0.32812E+00  0.73127E-02    "C"    "C"
y   0.78598E+00  0.21397E+00  0.47619E-04    "C"    "D"
y   0.36381E+00  0.61643E+00  0.19754E-01    "D"    "C"
y   0.23082E+00  0.76071E+00  0.84697E-02    "D"    "C"
y   0.23682E+00  0.74055E+00  0.22625E-01    "D"    "D"
y   0.91719E+00  0.60390E-01  0.38132E-05    "C"    "C"
y   0.25065E+00  0.73440E+00  0.14948E-01    "D"    "D"
y   0.34581E+00  0.64653E+00  0.76565E-02    "D"    "D"
y   0.64273E+00  0.33759E+00  0.19678E-01    "C"    "D"
y   0.85502E+00  0.13923E+00  0.57553E-02    "C"    "C"
y   0.29365E+00  0.66220E+00  0.44150E-01    "D"    "D"
y   0.32672E+00  0.66528E+00  0.80025E-02    "D"    "C"
y   0.30867E+00  0.68501E+00  0.63205E-02    "D"    "D"
y   0.42081E+00  0.56115E+00  0.18044E-01    "D"    "D"
y   0.36352E+00  0.45621E+00  0.18027E+00    "D"    "T"
y   0.60945E+00  0.36749E+00  0.23058E-01    "C"    "C"
y   0.12373E+00  0.86769E+00  0.85848E-02    "D"    "D"
y   0.19484E+00  0.80379E+00  0.13740E-02    "D"    "D"
y   0.16006E+00  0.83581E+00  0.41318E-02    "D"    "D"
y   0.24400E+00  0.75341E+00  0.25837E-02    "D"    "C"
y   0.40675E+00  0.58498E+00  0.82637E-02    "D"    "C"
y   0.29416E+00  0.69011E+00  0.15730E-01    "D"    "D"
y   0.50076E+00  0.48260E+00  0.16634E-01    "C"    "C"
y   0.29734E+00  0.69806E+00  0.45976E-02    "D"    "D"
y   0.43699E+00  0.55042E+00  0.12594E-01    "D"    "C"
y   0.40371E+00  0.54679E+00  0.49505E-01    "D"    "D"
y   0.25177E+00  0.69858E+00  0.49648E-01    "D"    "D"
y   0.33441E+00  0.65838E+00  0.72136E-02    "D"    "C"
y   0.43804E+00  0.55527E+00  0.66951E-02    "D"    "C"
y   0.25078E+00  0.70696E+00  0.42266E-01    "D"    "D"
y   0.12175E+00  0.87477E+00  0.34796E-02    "D"    "D"
y   0.79218E+00  0.20686E+00  0.95739E-03    "C"    "C"
y   0.13839E+00  0.84727E+00  0.14345E-01    "D"    "D"
y   0.14237E+00  0.84998E+00  0.76431E-02    "D"    "D"
y   0.78687E+00  0.20783E+00  0.52959E-02    "C"    "C"
y   0.25645E+00  0.58941E+00  0.15414E+00    "D"    "D"
y   0.17258E+00  0.82500E+00  0.24190E-02    "D"    "D"
y   0.81548E+00  0.16653E+00  0.17991E-01    "C"    "C"
y   0.69897E+00  0.27231E+00  0.28727E-01    "C"    "C"
y   0.25774E+00  0.72548E+00  0.16787E-01    "D"    "D"
y   0.15606E+00  0.84038E+00  0.35628E-02    "D"    "D"
y   0.48275E+00  0.45932E+00  0.57937E-01    "C"    "D"
y   0.61996E+00  0.37556E+00  0.44800E-02    "C"    "C"
y   0.57058E+00  0.40637E+00  0.23050E-01    "C"    "C"
y   0.10893E+00  0.88736E+00  0.37062E-02    "D"    "D"
y   0.29978E+00  0.69426E+00  0.59652E-02    "D"    "D"
y   0.65800E+00  0.34188E+00  0.12444E-03    "C"    "D"
y   0.28185E+00  0.71205E+00  0.60946E-02    "D"    "D"
y   0.35442E+00  0.63612E+00  0.94583E-02    "D"    "D"
y   0.24156E+00  0.74440E+00  0.14039E-01    "D"    "D"
y   0.16150E+00  0.83764E+00  0.86084E-03    "D"    "D"
y   0.37742E+00  0.60659E+00  0.15988E-01    "D"    "D"
y   0.30522E+00  0.69275E+00  0.20278E-02    "D"    "D"
y   0.21460E+00  0.77464E+00  0.10765E-01    "D"    "D"
y   0.17501E+00  0.80588E+00  0.19106E-01    "D"    "D"
y   0.33871E+00  0.64145E+00  0.19835E-01    "D"    "D"
y   0.50130E+00  0.49268E+00  0.60200E-02    "C"    "C"
y   0.18432E+00  0.77359E+00  0.42094E-01    "D"    "D"
y   0.89708E+00  0.61033E-01  0.38132E-05    "C"    "C"
y   0.35663E+00  0.59098E+00  0.52399E-01    "D"    "D"
y   0.50383E+00  0.49214E+00  0.40306E-02    "C"    "C"
y   0.26446E+00  0.72930E+00  0.62410E-02    "D"    "D"
y   0.29217E+00  0.69681E+00  0.11012E-01    "D"    "D"
y   0.31402E+00  0.67317E+00  0.12804E-01    "D"    "D"
y   0.33194E+00  0.65059E+00  0.17469E-01    "D"    "D"
y   0.53663E+00  0.42247E+00  0.40904E-01    "C"    "C"
y   0.29901E+00  0.69132E+00  0.96676E-02    "D"    "D"
y   0.58545E+00  0.40975E+00  0.48011E-02    "C"    "C"
y   0.24400E+00  0.74437E+00  0.11626E-01    "D"    "D"
y   0.39932E+00  0.59789E+00  0.27898E-02    "D"    "C"
y   0.92306E+00  0.76508E-01  0.43478E-03    "C"    "C"
y   0.40130E+00  0.57417E+00  0.24531E-01    "D"    "C"
y   0.26036E+00  0.73814E+00  0.14964E-02    "D"    "C"
y   0.54690E+00  0.44205E+00  0.11054E-01    "C"    "C"
y   0.17551E+00  0.81510E+00  0.93825E-02    "D"    "D"
y   0.59814E+00  0.38818E+00  0.13677E-01    "C"    "C"
y   0.18753E+00  0.80565E+00  0.68189E-02    "D"    "D"
y   0.21728E+00  0.77338E+00  0.93376E-02    "D"    "D"
y   0.21255E+00  0.77379E+00  0.13655E-01    "D"    "D"
y   0.68287E+00  0.31683E+00  0.30000E-03    "C"    "D"
y   0.14957E+00  0.84822E+00  0.22041E-02    "D"    "D"
y   0.62121E+00  0.37322E+00  0.55682E-02    "C"    "C"
y   0.66742E+00  0.33254E+00  0.43478E-04    "C"    "D"
y   0.95331E+00  0.46274E-01  0.41560E-03    "C"    "C"
y   0.20597E+00  0.75482E+00  0.39210E-01    "D"    "D"
y   0.26141E+00  0.72747E+00  0.11117E-01    "D"    "D"
y   0.74231E+00  0.24870E+00  0.89892E-02    "C"    "C"
y   0.62943E+00  0.35638E+00  0.14190E-01    "C"    "C"
y   0.89160E+00  0.10744E+00  0.96392E-03    "C"    "C"
y   0.22688E+00  0.77052E+00  0.25989E-02    "D"    "D"
y   0.25345E+00  0.73571E+00  0.10840E-01    "D"    "D"
y   0.46535E+00  0.53035E+00  0.43027E-02    "D"    "D"
y   0.48569E+00  0.48052E+00  0.33791E-01    "C"    "C"
y   0.15255E+00  0.84441E+00  0.30358E-02    "D"    "D"
y   0.20374E+00  0.79347E+00  0.27926E-02    "D"    "C"
y   0.14802E+00  0.83974E+00  0.12241E-01    "D"    "D"
y   0.36944E+00  0.57445E+00  0.56111E-01    "D"    "D"
y   0.94239E+00  0.56179E-01  0.14264E-02    "C"    "C"
y   0.68710E+00  0.30494E+00  0.79560E-02    "C"    "C"
y   0.63242E+00  0.36268E+00  0.48961E-02    "C"    "C"
y   0.15406E+00  0.84016E+00  0.57831E-02    "D"    "D"
y   0.35847E+00  0.62802E+00  0.13509E-01    "D"    "C"
y   0.17141E+00  0.82287E+00  0.57176E-02    "D"    "D"
y   0.17113E+00  0.81654E+00  0.12328E-01    "D"    "D"
y   0.25049E+00  0.74509E+00  0.44268E-02    "D"    "D"
y   0.81739E+00  0.17839E+00  0.38132E-05    "C"    "C"
y   0.27890E+00  0.70095E+00  0.20150E-01    "D"    "D"
y   0.48225E+00  0.50535E+00  0.12399E-01    "D"    "C"
y   0.76733E+00  0.22696E+00  0.57162E-02    "C"    "C"
y   0.41958E+00  0.56954E+00  0.10881E-01    "D"    "C"
y   0.26412E+00  0.71329E+00  0.22590E-01    "D"    "D"
y   0.51451E+00  0.47396E+00  0.11522E-01    "C"    "C"
y   0.18947E+00  0.79331E+00  0.17222E-01    "D"    "D"
y   0.20871E+00  0.78008E+00  0.11213E-01    "D"    "D"
y   0.47156E+00  0.50308E+00  0.25359E-01    "D"    "C"
y   0.17698E+00  0.81276E+00  0.10267E-01    "D"    "D"
y   0.54607E+00  0.44900E+00  0.49348E-02    "C"    "C"
y   0.87282E+00  0.11992E+00  0.72561E-02    "C"    "C"
y   0.48350E+00  0.47362E+00  0.42881E-01    "C"    "C"
y   0.47688E+00  0.50333E+00  0.19792E-01    "D"    "C"
y   0.82583E+00  0.17398E+00  0.19512E-03    "C"    "C"
y   0.30441E+00  0.67556E+00  0.20027E-01    "D"    "D"
y   0.63300E+00  0.35033E+00  0.16668E-01    "C"    "C"
y   0.49371E+00  0.49121E+00  0.15082E-01    "C"    "C"
y   0.15107E+00  0.84253E+00  0.63996E-02    "D"    "D"
y   0.35484E+00  0.54128E+00  0.10389E+00    "D"    "C"
y   0.66567E+00  0.33414E+00  0.18686E-03    "C"    "D"
y   0.24735E+00  0.74663E+00  0.60184E-02    "D"    "D"
y   0.63399E+00  0.32261E+00  0.43403E-01    "C"    "C"
y   0.45140E+00  0.53934E+00  0.92614E-02    "D"    "C"
y   0.35367E+00  0.61274E+00  0.33595E-01    "D"    "D"
y   0.14510E+00  0.85097E+00  0.39370E-02    "D"    "D"
y   0.89643E+00  0.10311E+00  0.46211E-03    "C"    "C"
y   0.84353E+00  0.15551E+00  0.96337E-03    "C"    "C"
y   0.31442E+00  0.67192E+00  0.13666E-01    "D"    "D"
y   0.40771E+00  0.56620E+00  0.26082E-01    "D"    "C"
y   0.28756E+00  0.70389E+00  0.85538E-02    "D"    "D"
y   0.27496E+00  0.71041E+00  0.14633E-01    "D"    "D"
y   0.46489E+00  0.52322E+00  0.11896E-01    "D"    "C"
y   0.51973E+00  0.46814E+00  0.12126E-01    "C"    "C"
y   0.57804E+00  0.41804E+00  0.39149E-02    "C"    "C"
y   0.45315E+00  0.54210E+00  0.47502E-02    "D"    "D"
y   0.21444E+00  0.78094E+00  0.46162E-02    "D"    "D"
y   0.28203E+00  0.69531E+00  0.22655E-01    "D"    "D"
y   0.12618E+00  0.86895E+00  0.48667E-02    "D"    "D"
y   0.30565E+00  0.68105E+00  0.13299E-01    "D"    "D"
y   0.18222E+00  0.81376E+00  0.40194E-02    "D"    "D"
y   0.50415E+00  0.44293E+00  0.52914E-01    "C"    "D"
y   0.35469E+00  0.63526E+00  0.10050E-01    "D"    "D"
y   0.30757E+00  0.68664E+00  0.57890E-02    "D"    "C"
y   0.17816E+00  0.82060E+00  0.12329E-02    "D"    "D"
y   0.55633E+00  0.43072E+00  0.12952E-01    "C"    "C"
y   0.30275E+00  0.67537E+00  0.21882E-01    "D"    "D"
y   0.29619E+00  0.67476E+00  0.29047E-01    "D"    "D"
y   0.33943E+00  0.63676E+00  0.23807E-01    "D"    "D"
y   0.68627E+00  0.30726E+00  0.64686E-02    "C"    "D"
y   0.38529E+00  0.60671E+00  0.79987E-02    "D"    "C"
y   0.20277E+00  0.78981E+00  0.74225E-02    "D"    "D"
y   0.21255E+00  0.78256E+00  0.48943E-02    "D"    "D"
y   0.29129E+00  0.68561E+00  0.23099E-01    "D"    "D"
y   0.42043E+00  0.55442E+00  0.25147E-01    "D"    "C"
y   0.23628E+00  0.76103E+00  0.26919E-02    "D"    "D"
y   0.25739E+00  0.73395E+00  0.86545E-02    "D"    "D"
y   0.48057E+00  0.49333E+00  0.26094E-01    "D"    "D"
y   0.61195E+00  0.37983E+00  0.82218E-02    "C"    "C"
y   0.19870E+00  0.78796E+00  0.13336E-01    "D"    "D"
y   0.48878E+00  0.48842E+00  0.22798E-01    "C"    "C"
y   0.83101E+00  0.16103E+00  0.79584E-02    "C"    "C"
y   0.37344E+00  0.60817E+00  0.18388E-01    "D"    "D"
y   0.29867E+00  0.68649E+00  0.14840E-01    "D"    "D"
y   0.31295E+00  0.66018E+00  0.26868E-01    "D"    "D"
y   0.44446E+00  0.53330E+00  0.22235E-01    "D"    "C"
y   0.42527E+00  0.56076E+00  0.13970E-01    "D"    "C"
y   0.43251E+00  0.53394E+00  0.33553E-01    "D"    "C"
y   0.31661E+00  0.67710E+00  0.62900E-02    "D"    "C"
y   0.91081E+00  0.88958E-01  0.23256E-03    "C"    "C"
y   0.58304E+00  0.40594E+00  0.11022E-01    "C"    "C"
y   0.66946E+00  0.30219E+00  0.28356E-01    "C"    "C"
y   0.28051E+00  0.71562E+00  0.38697E-02    "D"    "D"
y   0.22729E+00  0.75300E+00  0.19701E-01    "D"    "D"
y   0.93947E+00  0.60368E-01  0.15789E-03    "C"    "C"
y   0.37939E+00  0.52114E+00  0.99471E-01    "D"    "T"
y   0.43213E+00  0.52193E+00  0.45936E-01    "D"    "C"
y   0.60379E+00  0.34866E+00  0.47549E-01    "C"    "C"
y   0.19342E+00  0.80472E+00  0.18567E-02    "D"    "D"
y   0.18271E+00  0.80953E+00  0.77657E-02    "D"    "D"
y   0.61206E+00  0.36896E+00  0.18977E-01    "C"    "C"
y   0.71470E+00  0.28504E+00  0.26727E-03    "C"    "C"
y   0.50579E+00  0.48341E+00  0.10804E-01    "C"    "C"
y   0.37772E+00  0.61229E+00  0.99851E-02    "D"    "D"
y   0.20195E+00  0.78490E+00  0.13153E-01    "D"    "D"
y   0.33297E+00  0.63638E+00  0.30649E-01    "D"    "D"
y   0.49907E+00  0.48814E+00  0.12791E-01    "C"    "C"
y   0.36208E+00  0.60312E+00  0.34805E-01    "D"    "D"
y   0.45338E+00  0.52251E+00  0.24108E-01    "D"    "C"
y   0.66706E+00  0.32302E+00  0.99226E-02    "C"    "C"
y   0.16985E+00  0.82064E+00  0.95187E-02    "D"    "D"
y   0.56001E+00  0.42820E+00  0.11786E-01    "C"    "C"
y   0.50572E+00  0.48397E+00  0.10305E-01    "C"    "C"
y   0.56959E+00  0.42128E+00  0.91376E-02    "C"    "C"
y   0.54413E+00  0.39971E+00  0.56156E-01    "C"    "C"
y   0.48249E+00  0.50975E+00  0.77607E-02    "D"    "C"
y   0.14919E+00  0.83829E+00  0.12523E-01    "D"    "D"
y   0.64258E+00  0.31390E+00  0.43525E-01    "C"    "C"
y   0.16777E+00  0.82848E+00  0.37510E-02    "D"    "D"
y   0.63791E+00  0.35228E+00  0.98072E-02    "C"    "C"
y   0.39774E+00  0.58867E+00  0.13586E-01    "D"    "C"
y   0.44739E+00  0.53912E+00  0.13487E-01    "D"    "D"
y   0.15614E+00  0.84119E+00  0.26700E-02    "D"    "D"
y   0.17136E+00  0.81424E+00  0.14402E-01    "D"    "D"
y   0.39152E+00  0.60066E+00  0.78235E-02    "D"    "D"
y   0.25874E+00  0.73452E+00  0.67393E-02    "D"    "D"
y   0.48795E+00  0.48124E+00  0.30815E-01    "C"    "C"
y   0.60645E+00  0.38815E+00  0.54019E-02    "C"    "C"
y   0.15002E+00  0.84430E+00  0.56777E-02    "D"    "D"
y   0.57738E+00  0.40769E+00  0.14931E-01    "C"    "C"
y   0.19112E+00  0.79672E+00  0.12154E-01    "D"    "D"
y   0.21413E+00  0.78368E+00  0.21829E-02    "D"    "D"
y   0.50749E+00  0.46669E+00  0.25824E-01    "C"    "C"
y   0.81734E+00  0.18145E+00  0.12070E-02    "C"    "C"
y   0.43260E+00  0.54764E+00  0.19765E-01    "D"    "C"
y   0.31336E+00  0.66371E+00  0.22928E-01    "D"    "D"
y   0.27098E+00  0.68803E+00  0.40982E-01    "D"    "D"
y   0.23090E+00  0.75947E+00  0.96329E-02    "D"    "D"
y   0.57342E+00  0.40603E+00  0.20553E-01    "C"    "C"
y   0.34890E+00  0.47456E+00  0.17654E+00    "D"    "T"
y   0.12624E+00  0.86668E+00  0.70802E-02    "D"    "D"
y   0.29772E+00  0.68894E+00  0.13333E-01    "D"    "D"
y   0.92364E+00  0.63239E-01  0.38132E-05    "C"    "C"
y   0.24169E+00  0.73692E+00  0.21387E-01    "D"    "D"
y   0.78491E+00  0.20001E+00  0.15076E-01    "C"    "C"
y   0.41292E+00  0.56253E+00  0.24548E-01    "D"    "D"
y   0.51926E+00  0.45889E+00  0.21856E-01    "C"    "C"
y   0.40540E+00  0.42465E+00  0.16994E+00    "D"    "T"
y   0.17099E+00  0.79174E+00  0.37271E-01    "D"    "D"
y   0.34195E+00  0.64831E+00  0.97421E-02    "D"    "D"
y   0.63337E+00  0.36140E+00  0.52243E-02    "C"    "C"
y   0.50279E+00  0.48017E+00  0.17039E-01    "C"    "C"
y   0.43035E+00  0.55893E+00  0.10717E-01    "D"    "D"
y   0.21816E+00  0.77288E+00  0.89527E-02    "D"    "D"
y   0.30859E+00  0.68816E+00  0.32471E-02    "D"    "D"
y   0.27633E+00  0.69067E+00  0.33000E-01    "D"    "D"
y   0.11352E+00  0.88173E+00  0.47513E-02    "D"    "D"
y   0.27836E+00  0.71834E+00  0.32943E-02    "D"    "D"
y   0.14218E+00  0.85361E+00  0.42152E-02    "D"    "D"
y   0.20590E+00  0.79128E+00  0.28199E-02    "D"    "D"
y   0.43145E+00  0.56461E+00  0.39368E-02    "D"    "C"
y   0.19417E+00  0.77452E+00  0.31312E-01    "D"    "D"
y   0.30170E+00  0.68037E+00  0.17932E-01    "D"    "D"
y   0.16572E+00  0.82700E+00  0.72798E-02    "D"    "D"
y   0.37605E+00  0.62157E+00  0.23859E-02    "D"    "C"
y   0.16741E+00  0.82258E+00  0.10006E-01    "D"    "D"
y   0.58336E+00  0.39861E+00  0.18027E-01    "C"    "C"
y   0.52607E+00  0.43875E+00  0.35187E-01    "C"    "C"
y   0.20958E+00  0.78475E+00  0.56682E-02    "D"    "D"
y   0.12772E+00  0.86858E+00  0.36981E-02    "D"    "D"
y   0.18335E+00  0.81031E+00  0.63413E-02    "D"    "D"
y   0.13945E+00  0.85841E+00  0.21399E-02    "D"    "D"
y   0.26027E+00  0.72135E+00  0.18379E-01    "D"    "D"
y   0.51332E+00  0.48220E+00  0.44824E-02    "C"    "C"
y   0.19201E+00  0.79413E+00  0.13859E-01    "D"    "D"
y   0.52618E+00  0.46731E+00  0.65126E-02    "C"    "C"
y   0.40400E+00  0.59237E+00  0.36344E-02    "D"    "C"
y   0.53225E+00  0.46756E+00  0.19512E-03    "C"    "D"
y   0.21965E+00  0.77032E+00  0.10025E-01    "D"    "D"
y   0.36756E+00  0.59744E+00  0.35001E-01    "D"    "D"
y   0.44472E+00  0.50774E+00  0.47542E-01    "D"    "C"
y   0.21690E+00  0.78041E+00  0.26938E-02    "D"    "D"
y   0.61631E+00  0.37596E+00  0.77360E-02    "C"    "C"
y   0.24601E+00  0.74311E+00  0.10883E-01    "D"    "D"
